{
    "camera_model": "OPENCV",
    "orientation_override": "none",
    "frames": [
        {
            "fl_x": 1024.0,
            "fl_y": 1024.0,
            "cx": 512.0,
            "cy": 512.0,
            "w": 1024,
            "h": 1024,
            "file_path": "./images/frame_00000.jpg",
            "transform_matrix": [
                [
                    1.0,
                    0.0,
                    0.0,
                    0.056589849293231964
                ],
                [
                    0.0,
                    1.0,
                    0.0,
                    0.0
                ],
                [
                    0.0,
                    0.0,
                    1.0,
                    0.942942701280117
                ],
                [
                    0.0,
                    0.0,
                    0.0,
                    1.0
                ]
            ]
        },
        {
            "fl_x": 1024.0,
            "fl_y": 1024.0,
            "cx": 512.0,
            "cy": 512.0,
            "w": 1024,
            "h": 1024,
            "file_path": "./images/frame_00001.jpg",
            "transform_matrix": [
                [
                    0.9975640502598242,
                    0.0,
                    0.0697564737441253,
                    0.12634632303735727
                ],
                [
                    0.0,
                    0.9999999999999998,
                    0.0,
                    0.0
                ],
                [
                    -0.0697564737441253,
                    0.0,
                    0.9975640502598241,
                    0.9405067515399411
                ],
                [
                    0.0,
                    0.0,
                    0.0,
                    1.0
                ]
            ]
        },
        {
            "fl_x": 1024.0,
            "fl_y": 1024.0,
            "cx": 512.0,
            "cy": 512.0,
            "w": 1024,
            "h": 1024,
            "file_path": "./images/frame_00002.jpg",
            "transform_matrix": [
                [
                    0.9902680687415703,
                    0.0,
                    0.13917310096006544,
                    0.1957629502532974
                ],
                [
                    0.0,
                    0.9999999999999998,
                    0.0,
                    0.0
                ],
                [
                    -0.13917310096006544,
                    0.0,
                    0.9902680687415704,
                    0.9332107700216874
                ],
                [
                    0.0,
                    0.0,
                    0.0,
                    1.0
                ]
            ]
        },
        {
            "fl_x": 1024.0,
            "fl_y": 1024.0,
            "cx": 512.0,
            "cy": 512.0,
            "w": 1024,
            "h": 1024,
            "file_path": "./images/frame_00003.jpg",
            "transform_matrix": [
                [
                    0.9781476007338056,
                    0.0,
                    0.20791169081775934,
                    0.2645015401109913
                ],
                [
                    0.0,
                    0.9999999999999998,
                    0.0,
                    0.0
                ],
                [
                    -0.20791169081775934,
                    0.0,
                    0.9781476007338057,
                    0.9210903020139228
                ],
                [
                    0.0,
                    0.0,
                    0.0,
                    1.0
                ]
            ]
        },
        {
            "fl_x": 1024.0,
            "fl_y": 1024.0,
            "cx": 512.0,
            "cy": 512.0,
            "w": 1024,
            "h": 1024,
            "file_path": "./images/frame_00004.jpg",
            "transform_matrix": [
                [
                    0.9612616959383189,
                    0.0,
                    0.27563735581699916,
                    0.3322272051102311
                ],
                [
                    0.0,
                    1.0,
                    0.0,
                    0.0
                ],
                [
                    -0.27563735581699916,
                    0.0,
                    0.9612616959383189,
                    0.9042043972184359
                ],
                [
                    0.0,
                    0.0,
                    0.0,
                    1.0
                ]
            ]
        },
        {
            "fl_x": 1024.0,
            "fl_y": 1024.0,
            "cx": 512.0,
            "cy": 512.0,
            "w": 1024,
            "h": 1024,
            "file_path": "./images/frame_00005.jpg",
            "transform_matrix": [
                [
                    0.9396926207859084,
                    0.0,
                    0.3420201433256687,
                    0.39860999261890073
                ],
                [
                    0.0,
                    1.0,
                    0.0,
                    0.0
                ],
                [
                    -0.3420201433256687,
                    0.0,
                    0.9396926207859084,
                    0.8826353220660257
                ],
                [
                    0.0,
                    0.0,
                    0.0,
                    1.0
                ]
            ]
        },
        {
            "fl_x": 1024.0,
            "fl_y": 1024.0,
            "cx": 512.0,
            "cy": 512.0,
            "w": 1024,
            "h": 1024,
            "file_path": "./images/frame_00006.jpg",
            "transform_matrix": [
                [
                    0.9135454576426009,
                    0.0,
                    0.40673664307580026,
                    0.4633264923690322
                ],
                [
                    0.0,
                    0.9999999999999998,
                    0.0,
                    0.0
                ],
                [
                    -0.40673664307580015,
                    0.0,
                    0.9135454576426009,
                    0.8564881589227179
                ],
                [
                    0.0,
                    0.0,
                    0.0,
                    1.0
                ]
            ]
        },
        {
            "fl_x": 1024.0,
            "fl_y": 1024.0,
            "cx": 512.0,
            "cy": 512.0,
            "w": 1024,
            "h": 1024,
            "file_path": "./images/frame_00007.jpg",
            "transform_matrix": [
                [
                    0.882947592858927,
                    0.0,
                    0.4694715627858907,
                    0.5260614120791227
                ],
                [
                    0.0,
                    1.0,
                    0.0,
                    0.0
                ],
                [
                    -0.46947156278589064,
                    0.0,
                    0.8829475928589269,
                    0.8258902941390439
                ],
                [
                    0.0,
                    0.0,
                    0.0,
                    1.0
                ]
            ]
        },
        {
            "fl_x": 1024.0,
            "fl_y": 1024.0,
            "cx": 512.0,
            "cy": 512.0,
            "w": 1024,
            "h": 1024,
            "file_path": "./images/frame_00008.jpg",
            "transform_matrix": [
                [
                    0.8480480961564261,
                    0.0,
                    0.5299192642332049,
                    0.5865091135264368
                ],
                [
                    0.0,
                    1.0,
                    0.0,
                    0.0
                ],
                [
                    -0.5299192642332049,
                    0.0,
                    0.848048096156426,
                    0.7909907974365429
                ],
                [
                    0.0,
                    0.0,
                    0.0,
                    1.0
                ]
            ]
        },
        {
            "fl_x": 1024.0,
            "fl_y": 1024.0,
            "cx": 512.0,
            "cy": 512.0,
            "w": 1024,
            "h": 1024,
            "file_path": "./images/frame_00009.jpg",
            "transform_matrix": [
                [
                    0.8090169943749475,
                    0.0,
                    0.5877852522924731,
                    0.6443751015857052
                ],
                [
                    0.0,
                    1.0,
                    0.0,
                    0.0
                ],
                [
                    -0.5877852522924731,
                    0.0,
                    0.8090169943749475,
                    0.7519596956550646
                ],
                [
                    0.0,
                    0.0,
                    0.0,
                    1.0
                ]
            ]
        },
        {
            "fl_x": 1024.0,
            "fl_y": 1024.0,
            "cx": 512.0,
            "cy": 512.0,
            "w": 1024,
            "h": 1024,
            "file_path": "./images/frame_00010.jpg",
            "transform_matrix": [
                [
                    0.7660444431189779,
                    0.0,
                    0.6427876096865393,
                    0.6993774589797713
                ],
                [
                    0.0,
                    1.0,
                    0.0,
                    0.0
                ],
                [
                    -0.6427876096865393,
                    0.0,
                    0.766044443118978,
                    0.7089871443990952
                ],
                [
                    0.0,
                    0.0,
                    0.0,
                    1.0
                ]
            ]
        },
        {
            "fl_x": 1024.0,
            "fl_y": 1024.0,
            "cx": 512.0,
            "cy": 512.0,
            "w": 1024,
            "h": 1024,
            "file_path": "./images/frame_00011.jpg",
            "transform_matrix": [
                [
                    0.7193398003386512,
                    0.0,
                    0.6946583704589973,
                    0.7512482197522294
                ],
                [
                    0.0,
                    1.0,
                    0.0,
                    0.0
                ],
                [
                    -0.6946583704589973,
                    0.0,
                    0.7193398003386512,
                    0.6622825016187683
                ],
                [
                    0.0,
                    0.0,
                    0.0,
                    1.0
                ]
            ]
        },
        {
            "fl_x": 1024.0,
            "fl_y": 1024.0,
            "cx": 512.0,
            "cy": 512.0,
            "w": 1024,
            "h": 1024,
            "file_path": "./images/frame_00012.jpg",
            "transform_matrix": [
                [
                    0.6691306063588582,
                    0.0,
                    0.7431448254773941,
                    0.7997346747706262
                ],
                [
                    0.0,
                    1.0,
                    0.0,
                    0.0
                ],
                [
                    -0.7431448254773942,
                    0.0,
                    0.6691306063588582,
                    0.6120733076389754
                ],
                [
                    0.0,
                    0.0,
                    0.0,
                    1.0
                ]
            ]
        },
        {
            "fl_x": 1024.0,
            "fl_y": 1024.0,
            "cx": 512.0,
            "cy": 512.0,
            "w": 1024,
            "h": 1024,
            "file_path": "./images/frame_00013.jpg",
            "transform_matrix": [
                [
                    0.6156614753256582,
                    0.0,
                    0.7880107536067218,
                    0.8446006028999539
                ],
                [
                    0.0,
                    1.0,
                    0.0,
                    0.0
                ],
                [
                    -0.7880107536067219,
                    0.0,
                    0.6156614753256583,
                    0.5586041766057754
                ],
                [
                    0.0,
                    0.0,
                    0.0,
                    1.0
                ]
            ]
        },
        {
            "fl_x": 1024.0,
            "fl_y": 1024.0,
            "cx": 512.0,
            "cy": 512.0,
            "w": 1024,
            "h": 1024,
            "file_path": "./images/frame_00014.jpg",
            "transform_matrix": [
                [
                    0.5591929034707468,
                    0.0,
                    0.8290375725550417,
                    0.8856274218482737
                ],
                [
                    0.0,
                    1.0,
                    0.0,
                    0.0
                ],
                [
                    -0.8290375725550417,
                    0.0,
                    0.5591929034707468,
                    0.5021356047508639
                ],
                [
                    0.0,
                    0.0,
                    0.0,
                    1.0
                ]
            ]
        },
        {
            "fl_x": 1024.0,
            "fl_y": 1024.0,
            "cx": 512.0,
            "cy": 512.0,
            "w": 1024,
            "h": 1024,
            "file_path": "./images/frame_00015.jpg",
            "transform_matrix": [
                [
                    0.5000000000000001,
                    0.0,
                    0.8660254037844386,
                    0.9226152530776704
                ],
                [
                    0.0,
                    1.0,
                    0.0,
                    0.0
                ],
                [
                    -0.8660254037844385,
                    0.0,
                    0.5000000000000001,
                    0.44294270128011715
                ],
                [
                    0.0,
                    0.0,
                    0.0,
                    1.0
                ]
            ]
        },
        {
            "fl_x": 1024.0,
            "fl_y": 1024.0,
            "cx": 512.0,
            "cy": 512.0,
            "w": 1024,
            "h": 1024,
            "file_path": "./images/frame_00016.jpg",
            "transform_matrix": [
                [
                    0.4383711467890774,
                    0.0,
                    0.898794046299167,
                    0.955383895592399
                ],
                [
                    0.0,
                    1.0,
                    0.0,
                    0.0
                ],
                [
                    -0.8987940462991669,
                    0.0,
                    0.43837114678907735,
                    0.38131384806919444
                ],
                [
                    0.0,
                    0.0,
                    0.0,
                    1.0
                ]
            ]
        },
        {
            "fl_x": 1024.0,
            "fl_y": 1024.0,
            "cx": 512.0,
            "cy": 512.0,
            "w": 1024,
            "h": 1024,
            "file_path": "./images/frame_00017.jpg",
            "transform_matrix": [
                [
                    0.374606593415912,
                    0.0,
                    0.9271838545667874,
                    0.9837737038600194
                ],
                [
                    0.0,
                    1.0,
                    0.0,
                    0.0
                ],
                [
                    -0.9271838545667875,
                    0.0,
                    0.37460659341591196,
                    0.31754929469602894
                ],
                [
                    0.0,
                    0.0,
                    0.0,
                    1.0
                ]
            ]
        },
        {
            "fl_x": 1024.0,
            "fl_y": 1024.0,
            "cx": 512.0,
            "cy": 512.0,
            "w": 1024,
            "h": 1024,
            "file_path": "./images/frame_00018.jpg",
            "transform_matrix": [
                [
                    0.30901699437494745,
                    0.0,
                    0.9510565162951535,
                    1.0076463655883856
                ],
                [
                    0.0,
                    0.9999999999999998,
                    0.0,
                    0.0
                ],
                [
                    -0.9510565162951536,
                    0.0,
                    0.30901699437494745,
                    0.25195969565506454
                ],
                [
                    0.0,
                    0.0,
                    0.0,
                    1.0
                ]
            ]
        },
        {
            "fl_x": 1024.0,
            "fl_y": 1024.0,
            "cx": 512.0,
            "cy": 512.0,
            "w": 1024,
            "h": 1024,
            "file_path": "./images/frame_00019.jpg",
            "transform_matrix": [
                [
                    0.24192189559966773,
                    0.0,
                    0.9702957262759965,
                    1.0268855755692283
                ],
                [
                    0.0,
                    1.0,
                    0.0,
                    0.0
                ],
                [
                    -0.9702957262759966,
                    0.0,
                    0.24192189559966773,
                    0.18486459687978476
                ],
                [
                    0.0,
                    0.0,
                    0.0,
                    1.0
                ]
            ]
        },
        {
            "fl_x": 1024.0,
            "fl_y": 1024.0,
            "cx": 512.0,
            "cy": 512.0,
            "w": 1024,
            "h": 1024,
            "file_path": "./images/frame_00020.jpg",
            "transform_matrix": [
                [
                    0.1736481776669304,
                    0.0,
                    0.984807753012208,
                    1.04139760230544
                ],
                [
                    0.0,
                    0.9999999999999998,
                    0.0,
                    0.0
                ],
                [
                    -0.9848077530122079,
                    0.0,
                    0.1736481776669304,
                    0.11659087894704742
                ],
                [
                    0.0,
                    0.0,
                    0.0,
                    1.0
                ]
            ]
        },
        {
            "fl_x": 1024.0,
            "fl_y": 1024.0,
            "cx": 512.0,
            "cy": 512.0,
            "w": 1024,
            "h": 1024,
            "file_path": "./images/frame_00021.jpg",
            "transform_matrix": [
                [
                    0.10452846326765346,
                    0.0,
                    0.9945218953682733,
                    1.0511117446615053
                ],
                [
                    0.0,
                    0.9999999999999998,
                    0.0,
                    0.0
                ],
                [
                    -0.9945218953682733,
                    0.0,
                    0.10452846326765347,
                    0.04747116454777048
                ],
                [
                    0.0,
                    0.0,
                    0.0,
                    1.0
                ]
            ]
        },
        {
            "fl_x": 1024.0,
            "fl_y": 1024.0,
            "cx": 512.0,
            "cy": 512.0,
            "w": 1024,
            "h": 1024,
            "file_path": "./images/frame_00022.jpg",
            "transform_matrix": [
                [
                    0.03489949670250107,
                    0.0,
                    0.9993908270190955,
                    1.0559806763123278
                ],
                [
                    0.0,
                    0.9999999999999998,
                    0.0,
                    0.0
                ],
                [
                    -0.9993908270190957,
                    0.0,
                    0.03489949670250107,
                    -0.02215780201738189
                ],
                [
                    0.0,
                    0.0,
                    0.0,
                    1.0
                ]
            ]
        },
        {
            "fl_x": 1024.0,
            "fl_y": 1024.0,
            "cx": 512.0,
            "cy": 512.0,
            "w": 1024,
            "h": 1024,
            "file_path": "./images/frame_00023.jpg",
            "transform_matrix": [
                [
                    -0.03489949670250094,
                    0.0,
                    0.9993908270190955,
                    1.0559806763123278
                ],
                [
                    0.0,
                    0.9999999999999998,
                    0.0,
                    0.0
                ],
                [
                    -0.9993908270190957,
                    0.0,
                    -0.03489949670250094,
                    -0.09195679542238393
                ],
                [
                    0.0,
                    0.0,
                    0.0,
                    1.0
                ]
            ]
        },
        {
            "fl_x": 1024.0,
            "fl_y": 1024.0,
            "cx": 512.0,
            "cy": 512.0,
            "w": 1024,
            "h": 1024,
            "file_path": "./images/frame_00024.jpg",
            "transform_matrix": [
                [
                    -0.10452846326765355,
                    0.0,
                    0.9945218953682733,
                    1.0511117446615053
                ],
                [
                    0.0,
                    0.9999999999999998,
                    0.0,
                    0.0
                ],
                [
                    -0.9945218953682733,
                    0.0,
                    -0.10452846326765357,
                    -0.16158576198753655
                ],
                [
                    0.0,
                    0.0,
                    0.0,
                    1.0
                ]
            ]
        },
        {
            "fl_x": 1024.0,
            "fl_y": 1024.0,
            "cx": 512.0,
            "cy": 512.0,
            "w": 1024,
            "h": 1024,
            "file_path": "./images/frame_00025.jpg",
            "transform_matrix": [
                [
                    -0.17364817766693028,
                    0.0,
                    0.984807753012208,
                    1.04139760230544
                ],
                [
                    0.0,
                    0.9999999999999998,
                    0.0,
                    0.0
                ],
                [
                    -0.9848077530122079,
                    0.0,
                    -0.17364817766693028,
                    -0.23070547638681327
                ],
                [
                    0.0,
                    0.0,
                    0.0,
                    1.0
                ]
            ]
        },
        {
            "fl_x": 1024.0,
            "fl_y": 1024.0,
            "cx": 512.0,
            "cy": 512.0,
            "w": 1024,
            "h": 1024,
            "file_path": "./images/frame_00026.jpg",
            "transform_matrix": [
                [
                    -0.2419218955996678,
                    0.0,
                    0.9702957262759964,
                    1.0268855755692285
                ],
                [
                    0.0,
                    1.0,
                    0.0,
                    0.0
                ],
                [
                    -0.9702957262759964,
                    0.0,
                    -0.24192189559966784,
                    -0.29897919431955083
                ],
                [
                    0.0,
                    0.0,
                    0.0,
                    1.0
                ]
            ]
        },
        {
            "fl_x": 1024.0,
            "fl_y": 1024.0,
            "cx": 512.0,
            "cy": 512.0,
            "w": 1024,
            "h": 1024,
            "file_path": "./images/frame_00027.jpg",
            "transform_matrix": [
                [
                    -0.30901699437494734,
                    0.0,
                    0.9510565162951535,
                    1.0076463655883856
                ],
                [
                    0.0,
                    1.0,
                    0.0,
                    0.0
                ],
                [
                    -0.9510565162951536,
                    0.0,
                    -0.30901699437494734,
                    -0.3660742930948303
                ],
                [
                    0.0,
                    0.0,
                    0.0,
                    1.0
                ]
            ]
        },
        {
            "fl_x": 1024.0,
            "fl_y": 1024.0,
            "cx": 512.0,
            "cy": 512.0,
            "w": 1024,
            "h": 1024,
            "file_path": "./images/frame_00028.jpg",
            "transform_matrix": [
                [
                    -0.374606593415912,
                    0.0,
                    0.9271838545667873,
                    0.9837737038600195
                ],
                [
                    0.0,
                    1.0,
                    0.0,
                    0.0
                ],
                [
                    -0.9271838545667873,
                    0.0,
                    -0.374606593415912,
                    -0.43166389213579504
                ],
                [
                    0.0,
                    0.0,
                    0.0,
                    1.0
                ]
            ]
        },
        {
            "fl_x": 1024.0,
            "fl_y": 1024.0,
            "cx": 512.0,
            "cy": 512.0,
            "w": 1024,
            "h": 1024,
            "file_path": "./images/frame_00029.jpg",
            "transform_matrix": [
                [
                    -0.4383711467890775,
                    0.0,
                    0.8987940462991668,
                    0.9553838955923989
                ],
                [
                    0.0,
                    0.9999999999999998,
                    0.0,
                    0.0
                ],
                [
                    -0.8987940462991669,
                    0.0,
                    -0.4383711467890775,
                    -0.4954284455089606
                ],
                [
                    0.0,
                    0.0,
                    0.0,
                    1.0
                ]
            ]
        },
        {
            "fl_x": 1024.0,
            "fl_y": 1024.0,
            "cx": 512.0,
            "cy": 512.0,
            "w": 1024,
            "h": 1024,
            "file_path": "./images/frame_00030.jpg",
            "transform_matrix": [
                [
                    -0.4999999999999997,
                    0.0,
                    0.8660254037844387,
                    0.9226152530776708
                ],
                [
                    0.0,
                    0.9999999999999998,
                    0.0,
                    0.0
                ],
                [
                    -0.8660254037844387,
                    0.0,
                    -0.4999999999999997,
                    -0.5570572987198827
                ],
                [
                    0.0,
                    0.0,
                    0.0,
                    1.0
                ]
            ]
        },
        {
            "fl_x": 1024.0,
            "fl_y": 1024.0,
            "cx": 512.0,
            "cy": 512.0,
            "w": 1024,
            "h": 1024,
            "file_path": "./images/frame_00031.jpg",
            "transform_matrix": [
                [
                    -0.5591929034707468,
                    0.0,
                    0.8290375725550416,
                    0.8856274218482736
                ],
                [
                    0.0,
                    0.9999999999999998,
                    0.0,
                    0.0
                ],
                [
                    -0.8290375725550417,
                    0.0,
                    -0.5591929034707467,
                    -0.6162502021906298
                ],
                [
                    0.0,
                    0.0,
                    0.0,
                    1.0
                ]
            ]
        },
        {
            "fl_x": 1024.0,
            "fl_y": 1024.0,
            "cx": 512.0,
            "cy": 512.0,
            "w": 1024,
            "h": 1024,
            "file_path": "./images/frame_00032.jpg",
            "transform_matrix": [
                [
                    -0.6156614753256582,
                    0.0,
                    0.7880107536067218,
                    0.8446006028999539
                ],
                [
                    0.0,
                    1.0,
                    0.0,
                    0.0
                ],
                [
                    -0.7880107536067219,
                    0.0,
                    -0.6156614753256583,
                    -0.6727187740455414
                ],
                [
                    0.0,
                    0.0,
                    0.0,
                    1.0
                ]
            ]
        },
        {
            "fl_x": 1024.0,
            "fl_y": 1024.0,
            "cx": 512.0,
            "cy": 512.0,
            "w": 1024,
            "h": 1024,
            "file_path": "./images/frame_00033.jpg",
            "transform_matrix": [
                [
                    -0.6691306063588582,
                    0.0,
                    0.7431448254773941,
                    0.7997346747706262
                ],
                [
                    0.0,
                    1.0,
                    0.0,
                    0.0
                ],
                [
                    -0.7431448254773942,
                    0.0,
                    -0.6691306063588582,
                    -0.7261879050787413
                ],
                [
                    0.0,
                    0.0,
                    0.0,
                    1.0
                ]
            ]
        },
        {
            "fl_x": 1024.0,
            "fl_y": 1024.0,
            "cx": 512.0,
            "cy": 512.0,
            "w": 1024,
            "h": 1024,
            "file_path": "./images/frame_00034.jpg",
            "transform_matrix": [
                [
                    -0.7193398003386511,
                    0.0,
                    0.6946583704589971,
                    0.7512482197522293
                ],
                [
                    0.0,
                    0.9999999999999998,
                    0.0,
                    0.0
                ],
                [
                    -0.6946583704589971,
                    0.0,
                    -0.7193398003386512,
                    -0.7763970990585343
                ],
                [
                    0.0,
                    0.0,
                    0.0,
                    1.0
                ]
            ]
        },
        {
            "fl_x": 1024.0,
            "fl_y": 1024.0,
            "cx": 512.0,
            "cy": 512.0,
            "w": 1024,
            "h": 1024,
            "file_path": "./images/frame_00035.jpg",
            "transform_matrix": [
                [
                    -0.7660444431189779,
                    0.0,
                    0.6427876096865395,
                    0.6993774589797715
                ],
                [
                    0.0,
                    1.0,
                    0.0,
                    0.0
                ],
                [
                    -0.6427876096865395,
                    0.0,
                    -0.7660444431189779,
                    -0.823101741838861
                ],
                [
                    0.0,
                    0.0,
                    0.0,
                    1.0
                ]
            ]
        },
        {
            "fl_x": 1024.0,
            "fl_y": 1024.0,
            "cx": 512.0,
            "cy": 512.0,
            "w": 1024,
            "h": 1024,
            "file_path": "./images/frame_00036.jpg",
            "transform_matrix": [
                [
                    -0.8090169943749473,
                    0.0,
                    0.5877852522924732,
                    0.6443751015857053
                ],
                [
                    0.0,
                    1.0,
                    0.0,
                    0.0
                ],
                [
                    -0.5877852522924732,
                    0.0,
                    -0.8090169943749473,
                    -0.8660742930948304
                ],
                [
                    0.0,
                    0.0,
                    0.0,
                    1.0
                ]
            ]
        },
        {
            "fl_x": 1024.0,
            "fl_y": 1024.0,
            "cx": 512.0,
            "cy": 512.0,
            "w": 1024,
            "h": 1024,
            "file_path": "./images/frame_00037.jpg",
            "transform_matrix": [
                [
                    -0.8480480961564261,
                    0.0,
                    0.5299192642332049,
                    0.5865091135264369
                ],
                [
                    0.0,
                    1.0,
                    0.0,
                    0.0
                ],
                [
                    -0.5299192642332049,
                    0.0,
                    -0.848048096156426,
                    -0.9051053948763089
                ],
                [
                    0.0,
                    0.0,
                    0.0,
                    1.0
                ]
            ]
        },
        {
            "fl_x": 1024.0,
            "fl_y": 1024.0,
            "cx": 512.0,
            "cy": 512.0,
            "w": 1024,
            "h": 1024,
            "file_path": "./images/frame_00038.jpg",
            "transform_matrix": [
                [
                    -0.882947592858927,
                    0.0,
                    0.4694715627858907,
                    0.5260614120791226
                ],
                [
                    0.0,
                    1.0,
                    0.0,
                    0.0
                ],
                [
                    -0.46947156278589064,
                    0.0,
                    -0.8829475928589269,
                    -0.9400048915788097
                ],
                [
                    0.0,
                    0.0,
                    0.0,
                    1.0
                ]
            ]
        },
        {
            "fl_x": 1024.0,
            "fl_y": 1024.0,
            "cx": 512.0,
            "cy": 512.0,
            "w": 1024,
            "h": 1024,
            "file_path": "./images/frame_00039.jpg",
            "transform_matrix": [
                [
                    -0.9135454576426008,
                    0.0,
                    0.40673664307580043,
                    0.46332649236903245
                ],
                [
                    0.0,
                    1.0,
                    0.0,
                    0.0
                ],
                [
                    -0.40673664307580043,
                    0.0,
                    -0.9135454576426009,
                    -0.9706027563624838
                ],
                [
                    0.0,
                    0.0,
                    0.0,
                    1.0
                ]
            ]
        },
        {
            "fl_x": 1024.0,
            "fl_y": 1024.0,
            "cx": 512.0,
            "cy": 512.0,
            "w": 1024,
            "h": 1024,
            "file_path": "./images/frame_00040.jpg",
            "transform_matrix": [
                [
                    -0.9396926207859083,
                    0.0,
                    0.34202014332566893,
                    0.3986099926189008
                ],
                [
                    0.0,
                    0.9999999999999998,
                    0.0,
                    0.0
                ],
                [
                    -0.3420201433256689,
                    0.0,
                    -0.9396926207859083,
                    -0.9967499195057912
                ],
                [
                    0.0,
                    0.0,
                    0.0,
                    1.0
                ]
            ]
        },
        {
            "fl_x": 1024.0,
            "fl_y": 1024.0,
            "cx": 512.0,
            "cy": 512.0,
            "w": 1024,
            "h": 1024,
            "file_path": "./images/frame_00041.jpg",
            "transform_matrix": [
                [
                    -0.9612616959383189,
                    0.0,
                    0.2756373558169992,
                    0.3322272051102311
                ],
                [
                    0.0,
                    1.0,
                    0.0,
                    0.0
                ],
                [
                    -0.27563735581699916,
                    0.0,
                    -0.9612616959383188,
                    -1.0183189946582016
                ],
                [
                    0.0,
                    0.0,
                    0.0,
                    1.0
                ]
            ]
        },
        {
            "fl_x": 1024.0,
            "fl_y": 1024.0,
            "cx": 512.0,
            "cy": 512.0,
            "w": 1024,
            "h": 1024,
            "file_path": "./images/frame_00042.jpg",
            "transform_matrix": [
                [
                    -0.9781476007338056,
                    0.0,
                    0.2079116908177593,
                    0.2645015401109913
                ],
                [
                    0.0,
                    0.9999999999999998,
                    0.0,
                    0.0
                ],
                [
                    -0.2079116908177593,
                    0.0,
                    -0.9781476007338057,
                    -1.0352048994536889
                ],
                [
                    0.0,
                    0.0,
                    0.0,
                    1.0
                ]
            ]
        },
        {
            "fl_x": 1024.0,
            "fl_y": 1024.0,
            "cx": 512.0,
            "cy": 512.0,
            "w": 1024,
            "h": 1024,
            "file_path": "./images/frame_00043.jpg",
            "transform_matrix": [
                [
                    -0.9902680687415703,
                    0.0,
                    0.13917310096006533,
                    0.1957629502532973
                ],
                [
                    0.0,
                    1.0,
                    0.0,
                    0.0
                ],
